0|0.78
1|0.78
2|0.78
3|0.78
4|0.78
5|0.78
6|0.78
7|0.78
8|0.78
9|0.78
10|0.78
11|0.78
12|0.78
13|0.78
14|0.78
15|0.78
16|0.78
17|0.78
18|0.78
19|0.78
20|0.78
21|0.78
22|0.78
23|0.78
24|0.78
25|0.81
26|0.81
27|0.81
28|0.81
29|0.81
30|0.86
31|0.86
32|0.86
33|0.86
34|0.86
35|0.94
36|0.94
37|0.94
38|0.94
39|0.94
40|1.00
41|1.00
42|1.00
43|1.00
44|1.00
45|1.11
46|1.11
47|1.11
48|1.11
49|1.11
50|1.16
51|1.16
52|1.16
53|1.16
54|1.16
55|1.19
56|1.19
57|1.19
58|1.19
59|1.19
60|1.23
61|1.23
62|1.23
63|1.23
64|1.23
65|1.25
66|1.25
67|1.25
68|1.25
69|1.25