111|0.85
112|0.85
115|0.85
116|0.85
119|0.85
131|0.85
132|0.85
133|0.85
134|0.85
139|0.85
161|0.85
171|0.85
172|0.85
173|0.85
174|0.85
175|0.85
179|0.85
181|0.85
182|0.85
191|0.85
211|1
212|1
213|1
214|1
219|1
241|1
251|1
252|1
253|1
254|1
259|1
271|1
272|1
273|1
279|1
291|1
711|1
721|1
722|1
723|1
724|1
741|1
742|1
751|1
752|1
761|1
762|1
781|1
782|1
783|1
811|1
831|1
851|1
912|1
913|1
919|1
921|1
971|1
1011|1
1021|1
1031|1
1041|1
1044|1
1061|1
1081|1
1094|1
1099|1
1221|1
1222|1
1231|1
1241|1
1311|1
1321|1
1381|1
1382|1
1389|1
1411|1
1422|1
1423|1
1429|1
1442|1
1446|1
1455|1
1459|1
1474|1
1475|1
1479|1
1481|1
1499|1
1521|0.85
1522|0.85
1531|0.85
1541|0.85
1542|0.85
1611|0.85
1622|0.85
1623|0.85
1629|0.85
1711|0.85
1721|0.85
1731|0.85
1741|0.85
1742|0.85
1743|0.85
1751|0.85
1752|0.85
1761|0.85
1771|0.85
1781|0.85
1791|0.85
1793|0.85
1794|0.85
1795|0.85
1796|0.85
1799|0.85
2011|0.95
2013|0.95
2015|0.95
2021|0.95
2022|0.95
2023|0.95
2024|0.95
2026|0.95
2032|0.95
2033|0.95
2034|0.95
2035|0.95
2037|0.95
2038|0.95
2041|0.95
2043|0.95
2044|0.95
2045|0.95
2046|0.95
2047|0.95
2048|0.95
2051|0.95
2052|0.95
2053|0.95
2061|0.95
2062|0.95
2063|0.95
2064|0.95
2066|0.95
2067|0.95
2068|0.95
2074|0.95
2075|0.95
2076|0.95
2077|0.95
2079|0.95
2082|0.95
2083|0.95
2084|0.95
2085|0.95
2086|0.95
2087|0.95
2091|0.95
2092|0.95
2095|0.95
2096|0.95
2097|0.95
2098|0.95
2099|0.95
2111|0.95
2121|0.95
2131|0.95
2141|0.95
2211|0.95
2221|0.95
2231|0.95
2241|0.95
2251|0.95
2252|0.95
2253|0.95
2254|0.95
2257|0.95
2258|0.95
2259|0.95
2261|0.95
2262|0.95
2269|0.95
2273|0.95
2281|0.95
2282|0.95
2284|0.95
2295|0.95
2296|0.95
2297|0.95
2298|0.95
2299|0.95
2311|0.95
2321|0.95
2322|0.95
2323|0.95
2325|0.95
2326|0.95
2329|0.95
2331|0.95
2335|0.95
2337|0.95
2339|0.95
2341|0.95
2342|0.95
2353|0.95
2361|0.95
2369|0.95
2371|0.95
2381|0.95
2384|0.95
2385|0.95
2386|0.95
2387|0.95
2389|0.95
2391|0.95
2392|0.95
2393|0.95
2394|0.95
2395|0.95
2396|0.95
2397|0.95
2399|0.95
2411|0.95
2421|0.95
2426|0.95
2429|0.95
2431|0.95
2434|0.95
2435|0.95
2436|0.95
2439|0.95
2441|0.95
2448|0.95
2449|0.95
2451|0.95
2452|0.95
2491|0.95
2493|0.95
2499|0.95
2511|0.95
2512|0.95
2514|0.95
2515|0.95
2517|0.95
2519|0.95
2521|0.95
2522|0.95
2531|0.95
2541|0.95
2542|0.95
2591|0.95
2599|0.95
2611|0.95
2621|0.95
2631|0.95
2652|0.95
2653|0.95
2655|0.95
2656|0.95
2657|0.95
2671|0.95
2672|0.95
2673|0.95
2674|0.95
2675|0.95
2676|0.95
2677|0.95
2678|0.95
2679|0.95
2711|0.95
2721|0.95
2731|0.95
2732|0.95
2741|0.95
2752|0.95
2754|0.95
2759|0.95
2761|0.95
2771|0.95
2782|0.95
2789|0.95
2791|0.95
2796|0.95
2812|0.95
2813|0.95
2816|0.95
2819|0.95
2821|0.95
2822|0.95
2823|0.95
2824|0.95
2833|0.95
2834|0.95
2835|0.95
2836|0.95
2841|0.95
2842|0.95
2843|0.95
2844|0.95
2851|0.95
2861|0.95
2865|0.95
2869|0.95
2873|0.95
2874|0.95
2875|0.95
2879|0.95
2891|0.95
2892|0.95
2893|0.95
2895|0.95
2899|0.95
2911|0.95
2951|0.95
2952|0.95
2992|0.95
2999|0.95
3011|0.95
3021|0.95
3052|0.95
3053|0.95
3061|0.95
3069|0.95
3081|0.95
3082|0.95
3083|0.95
3084|0.95
3085|0.95
3086|0.95
3087|0.95
3088|0.95
3089|0.95
3111|0.95
3131|0.95
3142|0.95
3143|0.95
3144|0.95
3149|0.95
3151|0.95
3161|0.95
3171|0.95
3172|0.95
3199|0.95
3211|0.95
3221|0.95
3229|0.95
3231|0.95
3241|0.95
3251|0.95
3253|0.95
3255|0.95
3259|0.95
3261|0.95
3262|0.95
3263|0.95
3264|0.95
3269|0.95
3271|0.95
3272|0.95
3273|0.95
3274|0.95
3275|0.95
3281|0.95
3291|0.95
3292|0.95
3295|0.95
3296|0.95
3297|0.95
3299|0.95
3312|0.95
3313|0.95
3315|0.95
3316|0.95
3317|0.95
3321|0.95
3322|0.95
3324|0.95
3325|0.95
3331|0.95
3334|0.95
3339|0.95
3341|0.95
3351|0.95
3353|0.95
3354|0.95
3355|0.95
3356|0.95
3357|0.95
3363|0.95
3364|0.95
3365|0.95
3366|0.95
3369|0.95
3398|0.95
3399|0.95
3411|0.95
3412|0.95
3421|0.95
3423|0.95
3425|0.95
3429|0.95
3431|0.95
3432|0.95
3433|0.95
3441|0.95
3442|0.95
3443|0.95
3444|0.95
3446|0.95
3448|0.95
3449|0.95
3451|0.95
3452|0.95
3462|0.95
3463|0.95
3465|0.95
3466|0.95
3469|0.95
3471|0.95
3479|0.95
3482|0.95
3483|0.95
3484|0.95
3489|0.95
3491|0.95
3492|0.95
3493|0.95
3494|0.95
3495|0.95
3496|0.95
3497|0.95
3498|0.95
3499|0.95
3511|0.95
3519|0.95
3523|0.95
3524|0.95
3531|0.95
3532|0.95
3533|0.95
3534|0.95
3535|0.95
3536|0.95
3537|0.95
3541|0.95
3542|0.95
3543|0.95
3544|0.95
3545|0.95
3546|0.95
3547|0.95
3548|0.95
3549|0.95
3552|0.95
3553|0.95
3554|0.95
3555|0.95
3556|0.95
3559|0.95
3561|0.95
3562|0.95
3563|0.95
3564|0.95
3565|0.95
3566|0.95
3567|0.95
3568|0.95
3569|0.95
3571|0.95
3572|0.95
3575|0.95
3577|0.95
3578|0.95
3579|0.95
3581|0.95
3582|0.95
3585|0.95
3586|0.95
3589|0.95
3592|0.95
3593|0.95
3594|0.95
3596|0.95
3599|0.95
3612|0.95
3613|0.95
3621|0.95
3624|0.95
3625|0.95
3629|0.95
3631|0.95
3632|0.95
3633|0.95
3634|0.95
3635|0.95
3639|0.95
3641|0.95
3643|0.95
3644|0.95
3645|0.95
3646|0.95
3647|0.95
3648|0.95
3651|0.95
3652|0.95
3661|0.95
3663|0.95
3669|0.95
3671|0.95
3672|0.95
3674|0.95
3675|0.95
3676|0.95
3677|0.95
3678|0.95
3679|0.95
3691|0.95
3692|0.95
3694|0.95
3695|0.95
3699|0.95
3711|0.95
3713|0.95
3714|0.95
3715|0.95
3716|0.95
3721|0.95
3724|0.95
3728|0.95
3731|0.95
3732|0.95
3743|0.95
3751|0.95
3761|0.95
3764|0.95
3769|0.95
3792|0.95
3795|0.95
3799|0.95
3812|0.95
3821|0.95
3822|0.95
3823|0.95
3824|0.95
3825|0.95
3826|0.95
3827|0.95
3829|0.95
3841|0.95
3842|0.95
3843|0.95
3844|0.95
3845|0.95
3851|0.95
3861|0.95
3873|0.95
3911|0.95
3914|0.95
3915|0.95
3931|0.95
3942|0.95
3944|0.95
3949|0.95
3951|0.95
3952|0.95
3953|0.95
3955|0.95
3961|0.95
3965|0.95
3991|0.95
3993|0.95
3995|0.95
3996|0.95
3999|0.95
4011|0.9
4013|0.9
4111|0.9
4119|0.9
4121|0.9
4131|0.9
4141|0.9
4142|0.9
4151|0.9
4173|0.9
4212|0.9
4213|0.9
4214|0.9
4215|0.9
4221|0.9
4222|0.9
4225|0.9
4226|0.9
4231|0.9
4311|1
4412|1
4424|1
4432|1
4449|1
4481|1
4482|1
4489|1
4491|1
4492|1
4493|1
4499|1
4512|1
4513|1
4522|1
4581|1
4612|1
4613|1
4619|1
4724|1
4725|1
4729|1
4731|1
4741|1
4783|1
4785|1
4789|1
4812|1
4813|1
4822|1
4832|1
4833|1
4841|1
4899|1
4911|0.9
4922|0.9
4923|0.9
4924|0.9
4925|0.9
4931|0.9
4932|0.9
4939|0.9
4941|0.9
4952|0.9
4953|0.9
4959|0.9
4961|0.9
4971|0.9
5012|1
5013|1
5014|1
5015|1
5021|1
5023|1
5031|1
5032|1
5033|1
5039|1
5043|1
5044|1
5045|1
5046|1
5047|1
5048|1
5049|1
5051|1
5052|1
5063|1
5064|1
5065|1
5072|1
5074|1
5075|1
5078|1
5082|1
5083|1
5084|1
5085|1
5087|1
5088|1
5091|1
5092|1
5093|1
5094|1
5099|1
5111|1
5112|1
5113|1
5122|1
5131|1
5136|1
5137|1
5139|1
5141|1
5142|1
5143|1
5144|1
5145|1
5146|1
5147|1
5148|1
5149|1
5153|1
5154|1
5159|1
5162|1
5169|1
5171|1
5172|1
5181|1
5182|1
5191|1
5192|1
5193|1
5194|1
5198|1
5199|1
5211|1
5231|1
5251|1
5261|1
5271|1
5311|1
5331|1
5399|1
5411|1
5421|1
5431|1
5441|1
5451|1
5461|1
5499|1
5511|1.075
5521|1.075
5531|1
5541|1
5551|1.075
5561|1.075
5571|1
5599|1
5611|1
5621|1
5632|1
5641|1
5651|1
5661|1
5699|1
5712|1
5713|1
5714|1
5719|1
5722|1
5731|1
5734|1
5735|1
5736|1
5812|1
5813|1
5912|1
5921|1
5932|1
5941|1
5942|1
5943|1
5944|1
5945|1
5946|1
5947|1
5948|1
5949|1
5961|1
5962|1
5963|1
5983|1
5984|1
5989|1
5992|1
5993|1
5994|1
5995|1
5999|1
6011|1.05
6019|1.05
6021|1.05
6022|1.05
6029|1.05
6035|1.05
6036|1.05
6061|1.05
6062|1.05
6081|1.05
6082|1.05
6091|1.05
6099|1.05
6111|1.05
6141|1.05
6153|1.05
6159|1.05
6162|1.05
6163|1.05
6211|1.075
6221|1.075
6231|1.075
6282|1.075
6289|1.075
6311|1.05
6321|1.05
6324|1.05
6331|1.05
6351|1.05
6361|1.05
6371|1.05
6399|1.05
6411|1.075
6512|1.05
6513|1.05
6514|1.05
6515|1.05
6517|1.05
6519|1.05
6531|1.05
6541|1.05
6552|1.05
6553|1.05
6712|1.05
6719|1.05
6722|1.05
6726|1.05
6732|1.05
6733|1.05
6792|1.05
6794|1.05
6798|1.05
6799|1.05
7011|1
7021|1
7032|1
7033|1
7041|1
7211|1
7212|1
7213|1
7215|1
7216|1
7217|1
7218|1
7219|1
7221|1
7231|1
7241|1
7251|1
7261|1
7291|1.05
7299|1
7311|1
7312|1
7313|1
7319|1
7322|1
7323|1
7331|1
7334|1
7335|1
7336|1
7338|1
7342|1
7349|1
7352|1
7353|1
7359|1
7361|1
7363|1
7371|1
7372|1
7373|1
7374|1
7375|1
7376|1
7377|1
7378|1
7379|1
7381|1
7382|1
7383|1
7384|1
7389|1
7513|1
7514|1
7515|1
7519|1
7521|1
7532|1
7533|1
7534|1
7536|1
7537|1
7538|1
7539|1
7542|1
7549|1
7622|1
7623|1
7629|1
7631|1
7641|1
7692|1
7694|1
7699|1
7812|1
7819|1
7822|1
7829|1
7832|1
7833|1
7841|1
7911|1
7922|1
7929|1
7933|1
7941|1
7948|1
7991|1
7992|1
7993|1
7996|1
7997|1
7999|1
8011|1.125
8021|1.125
8031|1.125
8041|1.125
8042|1.125
8043|1.125
8049|1.125
8051|1.125
8052|1.125
8059|1.125
8062|1.125
8063|1.125
8069|1.125
8071|1.125
8072|1.125
8082|1.125
8092|1.125
8093|1.125
8099|1.125
8111|1.075
8211|1.05
8221|1.05
8222|1.05
8231|1.05
8243|1.05
8244|1.05
8249|1.05
8299|1.05
8322|1
8331|1
8351|1
8361|1
8399|1
8412|1
8422|1
8611|1
8621|1
8631|1
8641|1
8651|1
8661|1
8699|1
8711|1.05
8712|1.05
8713|1.05
8721|1.05
8731|1.05
8732|1.05
8733|1.05
8734|1.05
8741|1.05
8742|1.05
8743|1.05
8744|1.05
8748|1.05
8811|1.05
8999|1.05
9111|1
9121|1
9131|1
9199|1
9211|1
9221|1
9222|1
9223|1
9224|1
9229|1
9311|1
9411|1
9431|1
9441|1
9451|1
9511|1
9512|1
9531|1
9532|1
9611|1
9621|1
9631|1
9641|1
9651|1
9661|1
9711|1
9721|1