County|Traditional Network PPO|Select Network PPO|Traditional Network HMO|Select Network HMO|Priority Select Network HMO|Traditional Network HSA|Select Network HSA
ALAMEDA|1|0.990565|0.903892|0.801627|0.903892|1|0.990565
ALPINE|1|1|0.903892|0.851225|0.903892|1|1
AMADOR|1.028568|0.893769|1.057033|0.959151|1.057033|1.028568|0.893769
BUTTE|0.806152|0.710622|0.986782|0.929285|0.986782|0.806152|0.710622
CALAVERAS|0.699785|0.612729|0.888808|0.768415|0.888808|0.699785|0.612729
COLUSA|0.806152|0.710622|0.986782|0.929285|0.986782|0.806152|0.710622
CONTRA COSTA|0.948093|0.928331|0.901418|0.79938|0.901418|0.948093|0.928331
DEL NORTE|0.812887|0.802974|0.903892|0.851225|0.903892|0.812887|0.802974
EL DORADO|1.011521|0.914164|1.056629|0.95906|1.056629|1.011521|0.914164
FRESNO|0.697082|0.683358|0.799063|0.49079|0.799063|0.697082|0.683358
GLENN|0.806152|0.710622|0.986782|0.929285|0.986782|0.806152|0.710622
HUMBOLDT|0.812887|0.802974|0.797585|0.751112|0.797585|0.812887|0.802974
IMPERIAL|0.763963|0.744815|0.724307|0.639761|0.663352|0.763963|0.744815
INYO|0.758905|0.738072|0.72241|0.629161|0.72241|0.758905|0.738072
KERN|0.758905|0.741582|0.722324|0.629077|0.722324|0.758905|0.741582
KINGS|0.758905|0.745302|0.722318|0.629061|0.722318|0.758905|0.745302
LAKE|0.793998|0.729128|0.858142|0.808141|0.858142|0.793998|0.729128
LASSEN|0.871588|0.86192|0.903892|0.851225|0.903892|0.871588|0.86192
LOS ANGELES|0.918946|0.900809|0.713715|0.621929|0.542705|0.918946|0.900809
MADERA|0.695046|0.684505|0.799756|0.489167|0.799756|0.695046|0.684505
MARIN|0.953256|0.912577|0.902259|0.849687|0.902259|0.953256|0.912577
MARIPOSA|0.923039|0.852056|0.991573|0.816598|0.991573|0.923039|0.852056
MENDOCINO|0.793998|0.729128|0.858142|0.808141|0.858142|0.793998|0.729128
MERCED|0.915041|0.846178|0.912779|0.682098|0.912779|0.915041|0.846178
MODOC|0.864387|0.854462|0.903892|0.851225|0.903892|0.864387|0.854462
MONO|0.759645|0.738884|0.72241|0.629161|0.72241|0.759645|0.738884
MONTEREY|0.862577|0.847062|1.066922|0.998737|1.066922|0.862577|0.847062
NAPA|0.938458|0.919477|0.900194|0.798269|0.900194|0.938458|0.919477
NEVADA|0.844124|0.78963|0.993596|0.932403|0.993596|0.844124|0.78963
ORANGE|0.894172|0.864141|0.750173|0.646433|0.579881|0.894172|0.864141
PLACER|1.010512|0.913919|1.056862|0.959114|1.056862|1.010512|0.913919
PLUMAS|0.825677|0.769712|1.00552|0.946932|1.00552|0.825677|0.769712
RIVERSIDE|0.821811|0.793168|0.717842|0.631253|0.586712|0.821811|0.793168
SACRAMENTO|1.028507|0.911932|1.05704|0.959158|1.05704|1.028507|0.911932
SAN BENITO|0.895738|0.818241|0.833643|0.731062|0.833643|0.895738|0.818241
SAN BERNARDINO|0.790247|0.775235|0.708541|0.622777|0.60139|0.790247|0.775235
SAN DIEGO|0.909315|0.817921|0.812002|0.719673|0.73207|0.909315|0.817921
SAN FRANCISCO|1.154926|1.154926|0.904027|0.523422|0.904027|1.154926|1.154926
SAN JOAQUIN|0.805639|0.72235|0.941624|0.793179|0.941624|0.805639|0.72235
SAN LUIS OBISPO|0.729917|0.712302|0.812415|0.765078|0.812415|0.729917|0.712302
SAN MATEO|1.126916|1.06933|1.015055|0.955911|1.015055|1.126916|1.06933
SANTA BARBARA|0.809684|0.777481|0.885718|0.831474|0.885718|0.809684|0.777481
SANTA CLARA|0.928529|0.874407|0.855032|0.757777|0.855032|0.928529|0.874407
SANTA CRUZ|0.895738|0.818241|0.833643|0.731062|0.833643|0.895738|0.818241
SHASTA|0.760094|0.746456|1.002886|0.944451|1.002886|0.760094|0.746456
SIERRA|0.876656|0.867169|0.986782|0.929285|0.986782|0.876656|0.867169
SISKIYOU|0.760539|0.746933|0.903892|0.851225|0.903892|0.760539|0.746933
SOLANO|0.954981|0.914763|0.942783|0.841956|0.942783|0.954981|0.914763
SONOMA|0.823324|0.762908|0.870496|0.819775|0.870496|0.823324|0.762908
STANISLAUS|0.949862|0.871768|1.124412|0.922824|1.124412|0.949862|0.871768
SUTTER|0.812276|0.715665|0.994588|0.932604|0.994588|0.812276|0.715665
TEHAMA|0.760094|0.746456|1.002886|0.944451|1.002886|0.760094|0.746456
TRINITY|0.765802|0.752566|0.797585|0.751112|0.797585|0.765802|0.752566
TULARE|0.753713|0.740359|0.97605|0.828946|0.97605|0.753713|0.740359
TUOLUMNE|0.949862|0.871768|1.06088|0.87202|1.06088|0.949862|0.871768
VENTURA|0.932494|0.900633|0.770438|0.686126|0.74792|0.932494|0.900633
YOLO|1.027574|0.902807|1.055755|0.958609|1.055755|1.027574|0.902807
YUBA|0.820702|0.722603|0.993807|0.932272|0.993807|0.820702|0.722603