111|1.1
112|1.1
115|1.1
116|1.1
119|1.1
131|1.1
132|1.1
133|1.1
134|1.1
139|1.1
161|1.1
171|1.1
172|1.1
173|1.1
174|1.1
175|1.1
179|1.1
181|1.1
182|1.1
191|1.1
211|1.1
212|1.1
213|1.1
214|1.1
219|1.1
241|1.1
251|1.1
252|1.1
253|1.1
254|1.1
259|1.1
271|1.1
272|1.1
273|1.1
279|1.1
291|1.1
711|0.95
721|0.95
722|0.95
723|0.95
724|0.95
741|0.95
742|0.95
751|0.95
752|0.95
761|0.95
762|0.95
781|0.95
782|1.1
783|1.1
811|1.1
831|1.1
851|1.1
912|1.1
913|1.1
919|1.1
921|1.1
971|1.1
1011|1.1
1021|1.1
1031|1.1
1041|1.1
1044|1.1
1061|1.1
1081|1.1
1094|1.1
1099|1.1
1221|1.1
1222|1.1
1231|1.1
1241|1.1
1311|1.1
1321|1.1
1381|1.1
1382|1.1
1389|1.1
1411|1.1
1422|1.1
1423|1.1
1429|1.1
1442|1.1
1446|1.1
1455|1.1
1459|1.1
1474|1.1
1475|1.1
1479|1.1
1481|1.1
1499|1.1
1521|1.1
1522|1.1
1531|1
1541|1
1542|1
1611|1.1
1622|1.1
1623|1.1
1629|1.1
1711|1.1
1721|1.1
1731|1.1
1741|1.1
1742|1.1
1743|1.1
1751|1.1
1752|1.1
1761|1.1
1771|1.1
1781|1.1
1791|1.1
1793|1.1
1794|1.1
1795|1.1
1796|1.1
1799|1.1
2011|1.1
2013|1.1
2015|1.1
2021|0.95
2022|0.95
2023|0.95
2024|0.95
2026|0.95
2032|0.95
2033|0.95
2034|0.95
2035|0.95
2037|0.95
2038|0.95
2041|0.95
2043|0.95
2044|0.95
2045|0.95
2046|0.95
2047|0.95
2048|0.95
2051|0.95
2052|0.95
2053|0.95
2061|0.95
2062|0.95
2063|0.95
2064|0.95
2066|0.95
2067|0.95
2068|0.95
2074|0.95
2075|0.95
2076|0.95
2077|0.95
2079|0.95
2082|0.95
2083|0.95
2084|0.95
2085|0.95
2086|0.95
2087|0.95
2091|0.95
2092|0.95
2095|0.95
2096|0.95
2097|0.95
2098|0.95
2099|0.95
2111|1.1
2121|1.1
2131|1.1
2141|1.1
2211|0.95
2221|0.95
2231|0.95
2241|0.95
2251|0.95
2252|0.95
2253|0.95
2254|0.95
2257|0.95
2258|0.95
2259|0.95
2261|0.95
2262|0.95
2269|0.95
2273|0.95
2281|0.95
2282|0.95
2284|0.95
2295|0.95
2296|0.95
2297|0.95
2298|0.95
2299|0.95
2311|0.95
2321|0.95
2322|0.95
2323|0.95
2325|0.95
2326|0.95
2329|0.95
2331|0.95
2335|0.95
2337|0.95
2339|0.95
2341|0.95
2342|0.95
2353|0.95
2361|0.95
2369|0.95
2371|0.95
2381|0.95
2384|0.95
2385|0.95
2386|0.95
2387|0.95
2389|0.95
2391|0.95
2392|0.95
2393|0.95
2394|0.95
2395|0.95
2396|0.95
2397|0.95
2399|0.95
2411|1.1
2421|1.1
2426|1.1
2429|1.1
2431|1.1
2434|1.1
2435|1.1
2436|1.1
2439|1.1
2441|1.1
2448|1.1
2449|1.1
2451|1.1
2452|1.1
2491|1.1
2493|1.1
2499|1.1
2511|0.95
2512|0.95
2514|0.95
2515|0.95
2517|0.95
2519|0.95
2521|0.95
2522|0.95
2531|0.95
2541|0.95
2542|0.95
2591|0.95
2599|0.95
2611|1.1
2621|1.1
2631|1.1
2652|1.1
2653|1.1
2655|1.1
2656|1.1
2657|1.1
2671|1.1
2672|1.1
2673|1.1
2674|1.1
2675|1.1
2676|1.1
2677|1.1
2678|1.1
2679|1.1
2711|1.1
2721|1.1
2731|1.1
2732|1.1
2741|1.1
2752|1.1
2754|1.1
2759|1.1
2761|1.1
2771|1.1
2782|1.1
2789|1.1
2791|1.1
2796|1.1
2812|0.95
2813|0.95
2816|0.95
2819|0.95
2821|0.95
2822|0.95
2823|0.95
2824|0.95
2833|0.95
2834|0.95
2835|0.95
2836|0.95
2841|0.95
2842|0.95
2843|0.95
2844|0.95
2851|0.95
2861|0.95
2865|0.95
2869|0.95
2873|0.95
2874|0.95
2875|0.95
2879|0.95
2891|0.95
2892|0.95
2893|0.95
2895|0.95
2899|0.95
2911|1.1
2951|1.1
2952|1.1
2992|1.1
2999|1.1
3011|0.95
3021|0.95
3052|0.95
3053|0.95
3061|0.95
3069|0.95
3081|0.95
3082|0.95
3083|0.95
3084|0.95
3085|0.95
3086|0.95
3087|0.95
3088|0.95
3089|0.95
3111|0.95
3131|0.95
3142|0.95
3143|0.95
3144|0.95
3149|0.95
3151|0.95
3161|0.95
3171|0.95
3172|0.95
3199|0.95
3211|1.1
3221|1.1
3229|1.1
3231|1.1
3241|1.1
3251|1.1
3253|1.1
3255|1.1
3259|1.1
3261|1.1
3262|1.1
3263|1.1
3264|1.1
3269|1.1
3271|1.1
3272|1.1
3273|1.1
3274|1.1
3275|1.1
3281|1.1
3291|1.1
3292|1.1
3295|1.1
3296|1.1
3297|1.1
3299|1.1
3312|1.1
3313|1.1
3315|1.1
3316|1.1
3317|1.1
3321|1.1
3322|1.1
3324|1.1
3325|1.1
3331|1.1
3334|1.1
3339|1.1
3341|1.1
3351|1.1
3353|1.1
3354|1.1
3355|1.1
3356|1.1
3357|1.1
3363|1.1
3364|1.1
3365|1.1
3366|1.1
3369|1.1
3398|1.1
3399|1.1
3411|0.95
3412|0.95
3421|0.95
3423|0.95
3425|0.95
3429|0.95
3431|0.95
3432|0.95
3433|0.95
3441|0.95
3442|0.95
3443|0.95
3444|0.95
3446|0.95
3448|0.95
3449|0.95
3451|0.95
3452|0.95
3462|0.95
3463|0.95
3465|0.95
3466|0.95
3469|0.95
3471|0.95
3479|0.95
3482|0.95
3483|0.95
3484|0.95
3489|0.95
3491|0.95
3492|0.95
3493|0.95
3494|0.95
3495|0.95
3496|0.95
3497|0.95
3498|0.95
3499|0.95
3511|0.9
3519|0.9
3523|0.9
3524|0.9
3531|0.9
3532|0.9
3533|0.9
3534|0.9
3535|0.9
3536|0.9
3537|0.9
3541|0.9
3542|0.9
3543|0.9
3544|0.9
3545|0.9
3546|0.9
3547|0.9
3548|0.9
3549|0.9
3552|0.9
3553|0.9
3554|0.9
3555|0.9
3556|0.9
3559|0.9
3561|0.9
3562|0.9
3563|0.9
3564|0.9
3565|0.9
3566|0.9
3567|0.9
3568|0.9
3569|0.9
3571|0.9
3572|0.9
3575|0.9
3577|0.9
3578|0.9
3579|0.9
3581|0.9
3582|0.9
3585|0.9
3586|0.9
3589|0.9
3592|0.9
3593|0.9
3594|0.9
3596|0.9
3599|0.9
3612|0.9
3613|0.9
3621|0.9
3624|0.9
3625|0.9
3629|0.9
3631|0.9
3632|0.9
3633|0.9
3634|0.9
3635|0.9
3639|0.9
3641|0.9
3643|0.9
3644|0.9
3645|0.9
3646|0.9
3647|0.9
3648|0.9
3651|0.9
3652|0.9
3661|0.9
3663|0.9
3669|0.9
3671|0.9
3672|0.9
3674|0.9
3675|0.9
3676|0.9
3677|0.9
3678|0.9
3679|0.9
3691|0.9
3692|0.9
3694|0.9
3695|0.9
3699|0.9
3711|0.95
3713|0.95
3714|0.95
3715|0.95
3716|0.95
3721|0.95
3724|0.95
3728|0.95
3731|0.95
3732|0.95
3743|0.95
3751|0.95
3761|0.95
3764|0.95
3769|0.95
3792|0.95
3795|0.95
3799|0.95
3812|0.95
3821|0.95
3822|0.95
3823|0.95
3824|0.95
3825|0.95
3826|0.95
3827|0.95
3829|0.95
3841|0.9
3842|0.9
3843|0.9
3844|0.9
3845|0.9
3851|0.95
3861|0.95
3873|0.95
3911|0.95
3914|0.95
3915|0.95
3931|0.95
3942|0.95
3944|0.95
3949|0.95
3951|0.95
3952|0.95
3953|0.95
3955|0.95
3961|0.95
3965|0.95
3991|0.95
3993|0.95
3995|0.95
3996|0.95
3999|0.95
4011|1.1
4013|1.1
4111|1.1
4119|1.1
4121|1.1
4131|1.1
4141|1.1
4142|1.1
4151|1.1
4173|1.1
4212|1.1
4213|1.1
4214|1.1
4215|1.1
4221|1.1
4222|1.1
4225|1.1
4226|1.1
4231|1.1
4311|1
4412|1.1
4424|1.1
4432|1.1
4449|1.1
4481|1.1
4482|1.1
4489|1.1
4491|1.1
4492|1.1
4493|1.1
4499|1.1
4512|1
4513|1
4522|1
4581|1
4612|1
4613|1
4619|1
4724|1
4725|1
4729|1
4731|1
4741|1
4783|1
4785|1
4789|1
4812|0.95
4813|0.95
4822|0.95
4832|0.95
4833|0.95
4841|0.95
4899|0.95
4911|1
4922|1
4923|1
4924|1
4925|1
4931|1
4932|1
4939|1
4941|1
4952|1
4953|1
4959|1
4961|1
4971|1
5012|1
5013|1
5014|1
5015|1
5021|1
5023|1
5031|1
5032|1
5033|1
5039|1
5043|1
5044|1
5045|1
5046|1
5047|1
5048|1
5049|1
5051|1
5052|1
5063|1
5064|1
5065|1
5072|1
5074|1
5075|1
5078|1
5082|1
5083|1
5084|1
5085|1
5087|1
5088|1
5091|1
5092|1
5093|1
5094|1
5099|1
5111|1.1
5112|1.1
5113|1.1
5122|1
5131|1
5136|1
5137|1
5139|1
5141|1
5142|1
5143|1
5144|1
5145|1
5146|1
5147|1
5148|1
5149|1
5153|1
5154|1
5159|1
5162|1
5169|1
5171|1
5172|1
5181|1
5182|1
5191|1
5192|1
5193|1
5194|1
5198|1
5199|1
5211|1
5231|1
5251|1
5261|1
5271|1.1
5311|0.95
5331|0.95
5399|0.95
5411|1
5421|1
5431|1
5441|1
5451|1
5461|1
5499|1
5511|1.1
5521|1.1
5531|1
5541|1.1
5551|1.1
5561|1.1
5571|1.1
5599|1.1
5611|1.1
5621|1.1
5632|1.1
5641|1.1
5651|1.1
5661|1.1
5699|1.1
5712|1.1
5713|1.1
5714|1.1
5719|1.1
5722|1.1
5731|1.1
5734|1.1
5735|1.1
5736|1.1
5812|1.1
5813|1.1
5912|1.1
5921|1.1
5932|1.1
5941|1.1
5942|1.1
5943|1.1
5944|1.1
5945|1.1
5946|1.1
5947|1.1
5948|1.1
5949|1.1
5961|1.1
5962|1.1
5963|1.1
5983|1.1
5984|1.1
5989|1.1
5992|1.1
5993|1.1
5994|1.1
5995|1.1
5999|1.1
6011|1
6019|1
6021|1
6022|1
6029|1
6035|1
6036|1
6061|1
6062|1
6081|1
6082|1
6091|1
6099|1
6111|1
6141|1
6153|1
6159|1
6162|0.95
6163|0.95
6211|1.1
6221|1.1
6231|1.1
6282|1.1
6289|1.1
6311|1
6321|1
6324|1
6331|1
6351|1
6361|1
6371|1
6399|1
6411|1.1
6512|1.1
6513|1.1
6514|1.1
6515|1.1
6517|1.1
6519|1.1
6531|1
6552|1.1
6553|1.1
6712|1
6719|1
6722|1
6726|1
6732|1
6733|1
6792|1
6794|1
6798|1
6799|1
7011|1.1
7021|1.1
7032|1.1
7033|1.1
7041|1.1
7211|1.1
7212|1.1
7213|1.1
7215|1.1
7216|1.1
7217|1.1
7218|1.1
7219|1.1
7221|1.1
7231|1.1
7241|1.1
7251|1.1
7261|1.1
7291|1.1
7299|1.1
7311|1.1
7312|1.1
7313|1.1
7319|1.1
7322|1.1
7323|1.1
7331|1.1
7334|1.1
7335|1.1
7336|1.1
7338|1.1
7342|1.1
7349|1.1
7352|1.1
7353|1.1
7359|1.1
7361|1.1
7363|1.1
7371|0.95
7372|0.95
7373|0.95
7374|0.95
7375|0.95
7376|0.95
7377|0.95
7378|0.95
7379|0.95
7381|1.1
7382|1.1
7383|1.1
7384|1.1
7389|1.1
7513|1.1
7514|1.1
7515|1.1
7519|1.1
7521|1.1
7532|1.1
7533|1.1
7534|1.1
7536|1.1
7537|1.1
7538|1.1
7539|1.1
7542|1.1
7549|1.1
7622|1.1
7623|1.1
7629|1.1
7631|1.1
7641|1.1
7692|1.1
7694|1.1
7699|1.1
7812|1.1
7819|1.1
7822|1.1
7829|1.1
7832|1.1
7833|1.1
7841|1.1
7911|1.1
7922|1.1
7929|1.1
7933|1.1
7941|1.1
7948|1.1
7991|1
7992|1.1
7993|1.1
7996|1.1
7997|1.1
7999|1.1
8011|1.1
8021|1.1
8031|1.1
8041|1.1
8042|1.1
8043|1.1
8049|1.1
8051|1.1
8052|1.1
8059|1.1
8062|1.1
8063|1.1
8069|1.1
8071|1.1
8072|1.1
8082|1.1
8092|1.1
8093|1.1
8099|1.1
8111|1.1
8211|1
8212|1
8221|1
8222|1
8231|1
8243|1
8244|1
8249|1
8299|1
8322|1.1
8331|1.1
8351|1.1
8361|1.1
8399|1.1
8412|1.1
8422|1.1
8611|1.1
8621|1.1
8631|1.1
8641|1.1
8651|1.1
8661|1.1
8699|1.1
8711|1.1
8712|1.1
8713|1.1
8721|1.1
8731|1.1
8732|1.1
8733|1.1
8734|1.1
8741|1
8742|1
8743|1
8744|1
8748|1
8811|1.1
8999|1.1
9111|1.1
9121|1.1
9131|1.1
9199|1.1
9211|1.1
9221|1.1
9222|1.1
9223|1.1
9224|1.1
9229|1.1
9311|1.1
9411|1.1
9431|1.1
9441|1.1
9451|1.1
9511|1.1
9512|1.1
9531|1.1
9532|1.1
9611|1.1
9621|1.1
9631|1.1
9641|1.1
9651|1.1
9661|1.1
9711|1.1
9721|1.1
